0.0006954486932026563 0.002575000000000001
0.0014291206270166522 0.005266666666666668
5.8197464448529656e-05 0.0002
0.0003092402032670094 0.0012333333333333332
0.0015010054774663498 0.0022125000000000005
0.019065787486303262 0.019445454545454547
0.004509048258823423 0.008422222222222222
0.00019739111712191253 0.0007333333333333333
0.003951901513472211 0.004877777777777778
0.001515036521342064 0.009166666666666667
0.0007950857096055584 0.0029
0.0019228523776664058 0.007266666666666667
0.003414255169097238 0.004812500000000002
0.002944961107158096 0.0108
0.007228696304511739 0.009211111111111111
0.002943102687333986 0.0044624999999999995
0.0013164818194629931 0.006766666666666666
0.0011336284814186556 0.004233333333333334
0.000442509993702204 0.0018333333333333335
0.003455120602240585 0.0034727272727272723
0.0010588156832482506 0.005066666666666666
0.0007530632625507286 0.0038666666666666667
0.0009002968578096613 0.0013625
0.0021559768082941174 0.0031499999999999996
0.0017917291804562974 0.006566666666666668
0.0023250879655572067 0.010425
0.0006404973205799668 0.0023666666666666667
0.006318720940274239 0.008455555555555556
0.000941312436887019 0.0033666666666666667
0.0019367405851168132 0.0070999999999999995
0.0010931793899335792 0.0055
0.0018867028966393382 0.007566666666666667
0.0012735519485753335 0.0044666666666666665
0.0014556505499013664 0.006475000000000001
0.0001986736532001848 0.0006666666666666666
0.0018362853376567977 0.0086
0.0009093106790692319 0.0033000000000000004
0.0014443489345725173 0.0054666666666666665
0.0012417447720077506 0.0017125
0.0036850703508662847 0.0206
0.0027018355973165748 0.009866666666666666
0.0012838398444307215 0.004966666666666666
0.005278621725559444 0.008370833333333334
0.0004318244580228188 0.0015666666666666667
0.0009120873164080707 0.003133333333333333
0.00221868310782445 0.0030499999999999998
0.004325645834853234 0.005344444444444445
0.00105205016713781 0.0013750000000000006
0.004551017946694164 0.0092
0.0016423334218681016 0.011220833333333333
0.0008485330882080566 0.0015
0.00011993839697642385 0.0004333333333333334
0.0006849869650975613 0.0009624999999999999
0.0002057536868783563 0.0007333333333333333
0.00019731009285712842 0.0009333333333333332
0.0002292161382807256 0.0002444444444444445
0.002038118552910086 0.006870833333333335
0.000466606527643842 0.0017333333333333335
0.0027930637307040872 0.005049999999999999
9.090909090909091e-06 3.3333333333333335e-05
0.004222833673915557 0.0057150000000000005
0.001846361085413518 0.0073083333333333325
0.00348996729582696 0.013266666666666666
0.00047284405211989416 0.0005499999999999999
0.0034274053359122 0.012666666666666666
0.0029170122488081274 0.0039875
0.000614108254429272 0.0022333333333333333
0.007368440761352626 0.011325
0.0019161357360600335 0.0091
5.7509701744121424e-05 0.0002
6.393385806639711e-05 0.0002
0.0006017218346442806 0.003133333333333333
0.011331298588892652 0.012730681818181818
0.00022702852870423303 0.00028750000000000005
0.002098119304747517 0.013312500000000001
0.0015551284214110317 0.0021500000000000004
0.0007547580622377031 0.0028
0.0022601195919207196 0.0087
0.00012056923289032709 0.00039999999999999996
4.2921071351603667e-05 0.00013333333333333334
0.0011101553182329747 0.004833333333333333
0.002025485814177712 0.009766666666666665
0.0012897876530638301 0.008333333333333335
0.0038075114831932675 0.006999999999999999
0.0001654050762379887 0.0006
0.008936055353081231 0.013600000000000001
0.00033934223226968213 0.0010999999999999998
7.068504686892009e-05 8.75e-05
0.000534200858962874 0.000725
0.0010632379940227108 0.0037999999999999996
0.002563872017045389 0.012300000000000002
0.00017979077334539072 0.0002625
0.00020883381787674285 0.00028749999999999994
0.0027387562542183805 0.010733333333333334
0.0006501219811998482 0.0023
3.697262654595733e-05 5e-05
0.007638836288680892 0.010475
0.0016296609011131119 0.0015818181818181816
0.0022532540507570194 0.0036375000000000005
0.005410774092715054 0.02146666666666666
