0.002574999999999999
0.005266666666666667
0.00020000000000000004
0.0012333333333333332
0.0022124999999999996
0.019445454545454544
0.008422222222222222
0.0007333333333333333
0.004877777777777778
0.009166666666666667
0.0029
0.007266666666666666
0.004812499999999999
0.0108
0.009211111111111111
0.0044625
0.0067666666666666665
0.004233333333333334
0.0018333333333333335
0.0034727272727272723
0.005066666666666666
0.0038666666666666667
0.0013624999999999996
0.00315
0.006566666666666667
0.010425000000000002
0.0023666666666666667
0.008455555555555555
0.0033666666666666667
0.0070999999999999995
0.0055
0.007566666666666667
0.004466666666666666
0.006475000000000001
0.0006666666666666668
0.0086
0.0033000000000000004
0.0054666666666666665
0.0017124999999999998
0.020599999999999997
0.009866666666666664
0.004966666666666666
0.008370833333333333
0.0015666666666666667
0.003133333333333333
0.0030499999999999998
0.005344444444444444
0.001375
0.0092
0.011220833333333334
0.0015
0.0004333333333333333
0.0009625
0.0007333333333333333
0.0009333333333333335
0.0002444444444444445
0.006870833333333334
0.0017333333333333335
0.0050500000000000015
3.3333333333333335e-05
0.0057150000000000005
0.0073083333333333325
0.013266666666666668
0.0005499999999999999
0.012666666666666666
0.0039875
0.0022333333333333333
0.011325
0.0091
0.0002
0.0002
0.0031333333333333335
0.01273068181818182
0.0002875
0.0133125
0.00215
0.0028
0.008699999999999998
0.00039999999999999996
0.00013333333333333334
0.004833333333333334
0.009766666666666663
0.008333333333333335
0.007
0.0006
0.0136
0.0011000000000000003
8.75e-05
0.000725
0.0037999999999999996
0.0123
0.0002625
0.0002875
0.010733333333333334
0.0023000000000000004
5e-05
0.010475
0.0015818181818181818
0.0036375
0.02146666666666667
